28
12
15
30
25
25
56
41
24
25
15
24
32
26
10
26
98
32
32
10
11
10
27
17
30
30
41
75
28
58
78
29
77
58
26
12
99
29
18
21
16
67
31
14
17
14
47
86
16
29
26
57
27
27
19
19
29
85
63
11
62
80
94
15
67
13
12
30
12
24
28
27
84
22
18
16
20
30
31
17
96
18
32
16
31
28
29
18
31
28
20
10
22
31
28
10
64
27
41
32
41
32
31
15
10
17
23
22
17
20
11
23
15
15
43
90
26
20
24
32
15
10
23
24
18
14
12
27
92
11
31
19
22
69
15
18
11
15
20
30
31
30
95
96
25
28
28
19
21
29
53
67
21
18
29
15
29
16
23
66
31
31
29
59
31
12
27
74
21
31
32
70
13
12
18
87
18
23
30
73
21
23
29
29
14
11
73
19
16
20
98
22
10
10
32
15
22
21
84
19
12
21
17
25
29
56
62
12
13
16
15
18
27
21
39
32
16
86
81
77
27
13
52
10
31
21
51
19
51
26
90
23
20
22
32
25
15
15
27
13
22
57
27
93
16
14
46
82
19
26
30
23
75
29
69
31
90
22
21
30
92
25
88
25
22
21
75
26
15
12
66
19
26
19
16
17
15
27
10
68
94
21
28
21
13
29
48
20
91
62
31
48
11
48
41
31
17
68
14
60
22
29
26
31
30
90
12
32
20
23
19
14
89
20
19
31
29
18
31
12
11
78
79
23
16
26
83
20
19
24
20
14
28
22
28
14
26
82
26
11
95
19
92
12
22
14
24
96
29
12
55
49
75
26
57
16
27
39
13
11
18
85
27
44
76
21
28
99
20
25
17
12
35
31
26
21
10
25
84
21
12
15
61
87
64
30
71
27
19
77
13
25
21
21
17
57
24
24
24
30
26
11
17
24
11
12
25
23
12
26
17
27
96
36
24
16
23
28
24
19
26
16
15
88
26
21
53
32
17
20
66
29
26
39
23
31
28
25
49
12
30
21
31
17
18
13
84
31
17
10
30
65
23
19
22
13
32
15
22
23
21
11
21
32
21
37
13
76
61
21
86
20
99
62
31
27
31
12
29
12
32
20
87
30
12
48
20
22
10
25
29
29
11
76
15
51
19
24
14
14
25
10
35
30
14
13
24
21
25
26
23
26
82
24
14
88
28
28
15
84
10
31
18
19
34
14
12
91
15
30
24
26
31
18
23
77
14
24
11
25
28
13
10
69
23
21
15
60
56
16
46
58
19
42
23
21
71
19
20
59
14
25
30
31
14
30
12
14
28
29
12
19
12
63
10
99
31
56
20
19
15
96
10
30
14
13
15
72
29
64
46
29
29
25
28
94
12
93
21
12
96
14
83
32
27
12
12
17
62
22
12
31
23
28
43
74
14
41
27
28
57
92
86
95
11
82
59
23
22
56
11
23
20
28
10
24
20
18
10
11
17
13
24
30
10
71
11
14
16
28
23
72
24
30
27
82
33
14
23
22
30
19
88
42
25
11
18
16
18
15
46
18
29
14
16
27
31
43
33
12
26
25
30
27
27
42
68
28
27
88
30
18
17
23
17
25
13
27
28
27
31
11
11
25
10
95
36
32
31
21
95
12
17
16
21
27
18
28
77
68
29
33
13
22
19
72
27
23
19
12
23
11
20
18
14
21
14
89
26
18
15
28
96
15
11
70
32
13
25
15
74
28
81
11
23
31
11
78
19
19
12
41
17
26
18
16
29
17
23
20
16
24
29
10
12
10
25
24
22
18
13
56
28
65
45
14
29
18
25
22
26
28
64
11
40
36
18
18
23
28
22
24
23
12
24
32
17
61
16
25
28
18
12
29
79
26
67
24
96
21
32
24
16
21
26
26
25
15
10
21
48
10
30
36
30
27
24
27
53
11
16
35
83
29
16
10
11
24
18
17
13
15
30
40
32
18
43
89
30
32
28
24
29
97
86
57
80
15
25
31
33
13
16
11
27
31
84
86
12
15
14
25
61
11
10
28
67
27
20
33
73
12
10
14
16
24
47
27
11
17
31
29
17
19
22
22
25
22
24
31
27
15
30
43
10
10
67
11
31
25
17
16
23
24
26
35
24
11
10
20
27
53
12
30
67
12
41
24
31
11
21
22
12
86
17
71
22
21
52
91
15
13
30
14
26
22
74
22
21
24
42
28
35
31
29
27
30
79
24
23
23
15
14
17
13
15
24
18
56
17
75
72
25
20
24
14
28
16
32
34
29
18
11
31
12
12
15
19
18
11
65
